TASK A.1 
Random matrix A = 
  0.840188   0.394383   0.783099    0.79844   0.911647   0.197551 
  0.335223    0.76823   0.277775    0.55397   0.477397   0.628871 
  0.364784   0.513401    0.95223   0.916195   0.635712   0.717297 
  0.141603   0.606969  0.0163006   0.242887   0.137232   0.804177 
  0.156679   0.400944    0.12979   0.108809   0.998925   0.218257 
  0.512932   0.839112    0.61264   0.296032   0.637552   0.524287 

Results after decomposition: 
R = 
   1.12208    1.20789    1.27916    1.24238    1.48016   0.940617 
         0   0.885204  0.0474959   0.169056   0.320366    0.91356 
         0          0   0.592526   0.428308   0.111001   0.216813 
         0          0          0   0.432138 -0.0811355    0.28154 
         0          0          0          0   0.757554  -0.115114 
         0          0          0          0          0   0.243633 
Q = 
  0.748779  -0.576202  -0.248663    0.16682  0.0383714   0.127226 
  0.298752   0.460201  -0.213043   0.454151 -0.0682988  -0.665325 
  0.325098   0.136376    0.89431   0.245768  0.0415773   0.117437 
  0.126197   0.513484  -0.286086    0.28192  -0.210457    0.71749 
  0.139633   0.262407  -0.103431  -0.149789   0.933936  0.0792055 
  0.457128   0.324168  0.0211054  -0.776917  -0.274963 -0.0793663 

Checks:
Check that Q^T*Q = 1: 
Q^T*Q =
         1          0 3.64292e-17 6.10623e-16 4.44089e-16 2.28983e-16 
         0          1 -8.67362e-18 5.55112e-17 6.93889e-17 1.26288e-15 
3.64292e-17 -8.67362e-18          1 -3.53884e-16 -1.15359e-16 1.17528e-16 
6.10623e-16 5.55112e-17 -3.53884e-16          1          0 2.08167e-17 
4.44089e-16 6.93889e-17 -1.15359e-16          0          1 -6.245e-17 
2.28983e-16 1.26288e-15 1.17528e-16 2.08167e-17 -6.245e-17          1 
Check that QR=A:
QR=
  0.840188   0.394383   0.783099    0.79844   0.911647   0.197551 
  0.335223    0.76823   0.277775    0.55397   0.477397   0.628871 
  0.364784   0.513401    0.95223   0.916195   0.635712   0.717297 
  0.141603   0.606969  0.0163006   0.242887   0.137232   0.804177 
  0.156679   0.400944    0.12979   0.108809   0.998925   0.218257 
  0.512932   0.839112    0.61264   0.296032   0.637552   0.524287 

TASK A.2 
A = 
  0.840188   0.394383   0.783099    0.79844   0.911647   0.197551 
  0.335223    0.76823   0.277775    0.55397   0.477397   0.628871 
  0.364784   0.513401    0.95223   0.916195   0.635712   0.717297 
  0.141603   0.606969  0.0163006   0.242887   0.137232   0.804177 
  0.156679   0.400944    0.12979   0.108809   0.998925   0.218257 
  0.512932   0.839112    0.61264   0.296032   0.637552   0.524287 
x=
  0.375656 
   1.11896 
 -0.819436 
  0.377074 
 0.0990165 
-0.0656917 
b=
  0.493583 
  0.972775 
  0.292517 
  0.771358 
  0.526745 
  0.769914 
Checks that Ax = b:
Ax =
  0.493583 
  0.972775 
  0.292517 
  0.771358 
  0.526745 
  0.769914 

TASK B 
Inverse of A, B=
   2.06852   -1.68962   -1.31362    2.00377  -0.682372    0.25504 
  -1.21352    3.06533  -0.502429   -2.24734  -0.426148    1.09234 
 -0.685862   -1.24286    1.10745  -0.699915  -0.304087    1.43423 
  0.070222    2.73527   0.278743   -1.23442  -0.317684   -1.66305 
  0.130004  -0.505124    0.12813   0.169691    1.28223  -0.412463 
  0.522206   -2.73085   0.482023    2.94497   0.325102  -0.325762 
Checks that AB = IAB =
         1 1.11022e-15 -5.55112e-16 -8.88178e-16 -1.80411e-16 1.80411e-16 
8.32667e-16          1 -2.22045e-16          0 2.77556e-17 -4.71845e-16 
5.55112e-17 -2.22045e-16          1 8.88178e-16 3.60822e-16 -2.498e-16 
-2.77556e-16 4.44089e-16 1.66533e-16          1 2.22045e-16 1.11022e-16 
1.66533e-16          0 5.55112e-17 3.33067e-16          1 2.08167e-16 
-4.44089e-16 -4.44089e-16 5.55112e-17          0          0          1 
Checks that BA = IBA =
         1 2.47025e-15 -6.10623e-16 -2.08167e-16 -4.44089e-16 1.38778e-15 
-1.55431e-15          1 -2.10942e-15 -2.33147e-15 -2.88658e-15 -5.21805e-15 
-1.44329e-15 -1.55431e-15          1 -1.4988e-15 -1.55431e-15 -7.77156e-16 
1.44329e-15 -1.11022e-15 4.44089e-16          1 8.88178e-16 -1.77636e-15 
8.88178e-16 1.83187e-15 9.99201e-16 1.08247e-15          1 1.4988e-15 
9.99201e-16 5.77316e-15 1.60982e-15 1.95677e-15 2.63678e-15          1 

TASK C 
For time measuring, see .png file 
